0,1,2,3,4
2.334395780116224e-06,0.04195207096121348,0.26181501410058255,0.6318550483487975,0.06437553219362632
8.232079377699369e-09,0.0041527519185921,0.037337928384303186,0.9508569906919128,0.007652320773112533
3.099979929217339e-09,0.0064564196411894806,0.07383931397112682,0.9066136972120922,0.01309056607561157
8.786600510663378e-07,0.005844800039992634,0.03887089476228484,0.9442568708509325,0.011026555686739043
2.894592017096465e-10,0.0007558722477838462,0.01207361585174211,0.9852381981405641,0.001932313470450832
3.845311487444843e-06,0.01294137111197547,0.0822509646810212,0.8910982985152209,0.013705520380294928
0.000157371629252558,0.07048706189025353,0.33633029914654916,0.5160350590358617,0.07699020829808305
1.6891337842147409e-06,0.01474945314773012,0.1750400693795876,0.7780450211620343,0.032163767176863756
8.09130601372493e-07,0.017831888644417242,0.05998714613424047,0.905565301559165,0.016614854531575844
1.85030127211733e-05,0.009233579269107605,0.04147930146611308,0.9365013050853906,0.012767311166667435
1.3603392069943322e-08,0.0045493652972771635,0.029390634338993773,0.9602360598089531,0.005823926951383927
8.079725891757841e-10,0.002447239664169901,0.024694297302107482,0.9695908960078216,0.003267566217928472
2.1010308401472424e-08,0.0503281809523293,0.4935135479564017,0.36461404950317394,0.09154420057778662
5.298450446799734e-07,0.048393149445676575,0.3904835114304579,0.4692527617441478,0.09187004753467302
0.0005164454932464238,0.048710127155834275,0.24241837770093622,0.6219205242728321,0.086434525377151
0.0008018950408137581,0.21576786617208574,0.2403221300436095,0.4737811424014235,0.06932696634206749
6.511875151423331e-09,0.010551658523490546,0.1323987687843183,0.8441940351978277,0.012855530982488315
9.583140401935229e-06,0.016197548255400377,0.09784126422977572,0.8677461493300368,0.01820545504438511
3.168212182321531e-09,0.002039648919076345,0.01707578110176166,0.9780391588866865,0.0028454079242632526
7.631435366990241e-09,0.0016603378926801956,0.017071054336010204,0.9785931987300277,0.002675401409846307
4.2416792754301563e-07,0.004451273206021907,0.030467471179230408,0.9579610087718523,0.007119822674967899
1.297339122393018e-07,0.0021967482840359897,0.01764291721574104,0.9770380530515755,0.0031221517147350265
5.8887428505678344e-09,0.032282382927346975,0.3516624658574876,0.5630714804094761,0.052983664916946525
2.4433679079569832e-06,0.05363584630719945,0.3194943857068246,0.5589088612255174,0.06795846339255061
6.78699743347563e-08,0.0031179687774630254,0.027772188598194816,0.9646967365393752,0.004413038214992647
0.00046679505103689286,0.0638658742652152,0.29572296050077124,0.5664193248366741,0.07352504534630262
1.2050554645037774e-08,0.011353216201323417,0.11062248045987555,0.8587275352015081,0.01929675608673834
5.5358815606110966e-08,0.0033171686361056214,0.023680802607101575,0.9676043180645998,0.005397655333377319
7.831619166536965e-11,0.010951055268744373,0.13805277362839177,0.8307936981401958,0.02020247288435196
1.9495691001132693e-07,0.021427564157450313,0.20318793480180988,0.7498336651550671,0.025550640928762733
2.0134464759729347e-08,0.004162885673215094,0.023069218383021454,0.9678206428698735,0.00494723293942526
4.473797031898178e-07,0.0045562812289847475,0.03672427734182883,0.9524783583550596,0.00624063569442369
3.459201309402341e-08,0.011253571627522186,0.10018908919152121,0.8741500368447475,0.01440726774419606
4.370138886430452e-06,0.04141715302136716,0.238170455278462,0.49942005584578153,0.22098796571550286
4.174092361693928e-06,0.015301935114345041,0.08275990592061074,0.8873295283701584,0.01460445650252406
1.3067355009528705e-09,0.0074459412420799604,0.07843810653183775,0.9054910284138615,0.008624922505485301
4.6416772478120295e-09,0.004489481095105175,0.04992075040400176,0.9404670120352603,0.005122751823955555
3.367630611911552e-10,0.01424222684248483,0.22126583318822604,0.7397265760711375,0.02476536356138864
9.89399574232286e-07,0.011988974023619736,0.09548871834863369,0.8762198883585818,0.01630142986959052
3.3621446379018715e-10,0.000956709853293566,0.012473463878630157,0.9846085550284975,0.0019612709033643145
9.285956164920255e-09,0.0017937949099069205,0.013260361954470806,0.9822312093450855,0.0027146245045805623
2.916606346020474e-07,0.023195932348474498,0.21104095622964195,0.7198485017693814,0.045914317991867404
7.894382193331872e-05,0.014017087932284657,0.2413416611799932,0.7232724716783556,0.02128983538743318
9.512030353757594e-10,0.02365101411127254,0.27405899884494656,0.6679027651836945,0.03438722090888335
5.5138329391526656e-08,0.002410478930734149,0.018308411332838708,0.9758690208529891,0.0034120337451085674
1.2488212484705368e-06,0.02451944126662387,0.2100050440763501,0.723323667828715,0.042150598007062445
4.2995799301227964e-11,0.0031005613502089785,0.054438038991283334,0.9355105409498998,0.006950858665612067
3.410365452711042e-10,0.007851110566234288,0.08401344049082438,0.8935675713234211,0.01456787727848361
0.00015213094931612844,0.031381682168852856,0.22048804064345237,0.7045101432463111,0.04346800299206762
8.957145943562834e-08,0.003990391625114606,0.04195213433510709,0.9492752297219879,0.004782154746330939
1.9741320626199656e-07,0.0016916677160769705,0.015430085012194531,0.9804279300195152,0.0024501198390070914
0.000282836022732735,0.07087849103273543,0.3067353529028205,0.5431996099874988,0.07890371005421253
1.7315251805864053e-07,0.028386062720429563,0.2651730933918642,0.6575503677645611,0.04889030297062711
4.054128174223103e-06,0.005182469191198435,0.025727221962847366,0.9631448833914641,0.005941371326315839
6.566423118837207e-10,0.009865556806280084,0.10869189514953613,0.8667860446290834,0.01465650275845804
5.227014619256208e-07,0.003842494094094834,0.024320705437593373,0.9657561703455372,0.006080107421312487
5.253817503849799e-09,0.008848090897230413,0.09525573523864217,0.884316351821873,0.01157981678843698
1.8673416968655833e-07,0.031244407475857522,0.23360484404876478,0.6862689717702642,0.04888158997094378
3.284425498190404e-11,0.0025746227635046483,0.03400914018583324,0.958065019668513,0.005351217349304924
2.313425515232494e-08,0.026663347776750206,0.22281087226612215,0.7169729676215965,0.033552789201276
2.8338361120270752e-08,0.023559489405177565,0.20051251992638133,0.7493632654632485,0.026564696866831442
5.6364929949433006e-08,0.006504366801382703,0.04242669027586762,0.9418134803071562,0.009255406250663572
2.8984416008473728e-09,0.0014368311908652175,0.015122728457191224,0.9813438769614758,0.0020965604920259507
1.91405139001516e-06,0.010517871029792259,0.06267806001655843,0.9086684394047712,0.018133715497488184
4.4394450631156206e-05,0.030826098089042187,0.14187090017099732,0.7969918249555258,0.030266782333803647
1.44048301987977e-09,0.00345416488444061,0.03017008168550815,0.9614000092627646,0.00497574272680358
1.6169573061332325e-10,0.004181098436407544,0.06417065464288856,0.9225351589412397,0.00911308781776855
8.356012209637748e-08,0.0254629471699425,0.2995478233880546,0.6384143680952948,0.036574777786586035
1.5586319141802905e-08,0.004250500775450544,0.046170633301022196,0.9387746312549222,0.010804219082285947
1.7782000987901048e-06,0.03262987338939626,0.16053116095776085,0.7700707992235692,0.036766388229174864
1.2301586067700514e-10,0.002630846379682163,0.031199806745751683,0.9619484247181583,0.004220922033392069
2.949118491353302e-07,0.0055582874065917024,0.020779140314182352,0.9688914434873223,0.004770833880054493
9.2815446965593e-09,0.0018148192580888557,0.017556024964329953,0.9786764791688403,0.001952667327196262
1.3219455116797083e-09,0.01211597445098399,0.1828166729814221,0.7758625146481829,0.029204836597465495
3.2288298939936284e-09,0.0030096422310408725,0.03349172724299123,0.9566709279848737,0.006827699312264191
1.0564685527581158e-07,0.029496228971851435,0.2526672283814357,0.6829981041442497,0.034838332855608
1.5375008478541357e-07,0.004412705342686987,0.032265025026716375,0.956041242161152,0.007280873719359773
4.435427193059267e-08,0.0024143624437236457,0.025476488451399746,0.9682407979403346,0.003868306810270033
4.568793738852682e-05,0.05124619116320811,0.2765289843024712,0.6012701406798748,0.07090899591705745
1.1760126435366712e-08,0.012868805014059,0.04858258667018466,0.9259834566315684,0.012565139924061407
1.1378743169663756e-09,0.002904199403840232,0.0306105821505942,0.9618507583228207,0.004634458984870486
5.247744397258173e-08,0.0022308844345920835,0.013860335194423312,0.9813994539212273,0.0025092739723133494
9.48760493230938e-10,0.0013497704131303458,0.013582602522161468,0.9832232691619592,0.0018443569539883552
8.205164778252393e-08,0.005539423815320267,0.03502202108832577,0.9512952570138867,0.008143216030819482
2.820200023204015e-07,0.04903018010505016,0.5223989529450497,0.3455255288161374,0.08304505611376051
5.342272066283009e-08,0.0026467029442916556,0.01894693962452976,0.9742673233611101,0.00413898064734794
1.1877052177166472e-09,0.0052054693700628405,0.04403613137641587,0.9412644861332939,0.009493911932522055
1.5315980387063017e-05,0.012543151985912977,0.07499286051726199,0.9007837215843432,0.01166494993209491
2.7098337861515223e-08,0.003426288584250764,0.029232335682698007,0.960468802137028,0.0068725464976852925
5.097495251112953e-09,0.004383579108854098,0.03586700566697491,0.9537021999887223,0.006047210137953556
8.262478409357243e-08,0.014900959956637367,0.12057368309375617,0.8482582801293089,0.016266994195513463
1.878998680362052e-09,0.002555317134320561,0.025125762277658985,0.9675737186598948,0.00474520004912693
6.985846507877436e-08,0.007289536016696977,0.04782326344708194,0.9358025603898242,0.009084570287931708
5.358625834898506e-08,0.014398817528644003,0.11442764396840531,0.8506521021786554,0.020521382738037063
1.0301953809479388e-07,0.007074555409581896,0.06712476544217812,0.9178469495166351,0.00795362661206681
4.679573873044818e-07,0.0034960591392483235,0.021236647109590275,0.9721543585686886,0.003112467225085536
6.366317737308698e-08,0.006750922733098026,0.03193505284173546,0.9531907428068521,0.008123217955137025
1.4691523189600654e-06,0.012466077980252113,0.08378865559300885,0.8922498439857524,0.011493953288667933
3.312130499488944e-10,0.0026522185542872845,0.030588841202085843,0.9619318299412395,0.00482710997117439
1.5618113736025677e-08,0.00494536227560508,0.03616606978307813,0.952636793748546,0.00625175857465704
1.4830803409740662e-07,0.003563726640577015,0.034612373163956406,0.9564573146795744,0.005366437207858126
7.136142293151381e-11,0.00640315652252134,0.08366316942703013,0.901176655149063,0.008757018830024171
6.654028952918451e-08,0.005593246475010731,0.050552979924736625,0.9364499299326695,0.007403777127293498
1.005735710801183e-08,0.014502689872576949,0.13043012889110897,0.8369188924219624,0.018148278756994606
0.0009031859353213926,0.06528048486825302,0.2592069390161475,0.40025986950896897,0.2743495206713091
6.51502741727822e-09,0.003040658437114285,0.037658604144461254,0.9543658490493293,0.004934881854067673
1.5436822785054124e-08,0.0013750171807739263,0.010561775725921612,0.986026227363571,0.0020369642929106676
1.584693156319478e-08,0.006228584487626813,0.051530399506897084,0.9302675822940666,0.011973417864477996
7.713146039544697e-09,0.0017944036327823484,0.020181189423240323,0.974814213035541,0.00321018619529023
1.0562999431679661e-07,0.006667045423791133,0.05069416734575747,0.9292360695897913,0.013402612010665622
5.961924926682144e-09,0.009773815769408752,0.08924971625461892,0.8879177517356162,0.013058710278431286
1.7303666871327007e-09,0.0008106956349877422,0.010815220451159192,0.9869179191113613,0.0014561630721250801
8.348894939572732e-07,0.023454173654820443,0.17015497775934385,0.7768688188739842,0.029521194822357506
1.3735843911498374e-08,0.004294877680500637,0.034211914057119784,0.9555956645718727,0.005897529954662994
8.470951579216232e-06,0.015374794449695276,0.10015661529488869,0.8663635657941767,0.01809655350965993
7.226574583310314e-09,0.006600276993045568,0.05091127598305272,0.9308635119478446,0.011624927849482611
1.439313128008114e-09,0.005006466427556727,0.04570029756668333,0.9401287965696482,0.00916443799679855
2.5026660009018865e-06,0.008983868017718978,0.06280811653991342,0.9095360814615896,0.018669431314777236
1.7624371623379569e-09,0.002373874999806342,0.023053986976763943,0.9712331574488293,0.003338978812163223
8.306508044909826e-09,0.009608764239462197,0.10872403849435487,0.8652591523031968,0.016408036656478116
0.0002310503052042038,0.03680765571318139,0.20976405302282253,0.7034692558047507,0.04972798515404131
6.783610135095296e-10,0.01685907617303384,0.21829261626885957,0.7414052129704575,0.02344309390928814
6.28761955416039e-09,0.002212417878748004,0.01869330536773298,0.9757188086037346,0.0033754618621647894
1.222242218160914e-09,0.015448725813225735,0.08335063664438579,0.8801952327600335,0.0210054035601127
2.3537485269243278e-09,0.002043325764613206,0.017951113745485355,0.9772179282652153,0.0027876298709377206
2.715337257850957e-08,0.005179398082179927,0.03585129160870289,0.951559891266189,0.007409391889555549
2.17979459737849e-05,0.018191481123312987,0.12330980123203233,0.8348123403087735,0.02366457938990749
3.4637562031292654e-08,0.02025359635387754,0.24436078840322414,0.6994910955140902,0.03589448509124612
2.4299669095510543e-05,0.028940561897375483,0.1475599569119625,0.7929101905974026,0.030564990924163832
9.781566630100574e-06,0.03466283013278503,0.3173312292083315,0.5637446992272352,0.08425145986501821
1.6880378361595286e-09,0.0016080777317086508,0.011584683337239325,0.9848723449075751,0.0019348923354391464
2.9190081446721806e-09,0.0012385450085614766,0.016158290312480433,0.9797728645975717,0.0028302971623782244
8.002634101039028e-09,0.00454316680511302,0.054093607474906456,0.933266563660029,0.008096654057317331
9.086546049400574e-10,0.0025218419726462803,0.022900701271557296,0.970705220650646,0.0038722351964956894
4.076402064947293e-09,0.005078174011334823,0.03485879980310095,0.952602796414847,0.007460225694315178
1.9291728199073973e-07,0.00264893443855673,0.021492677897013517,0.9731137174938703,0.002744477253277472
2.3857523740754818e-08,0.030511182710492638,0.29384210496925306,0.6304828452979607,0.04516384316476966
3.195781690538813e-06,0.01066910046917921,0.0581529753876038,0.9196463636792777,0.011528364682248873
1.4804080774704662e-08,0.004195579185114897,0.040357458058120424,0.9485320501062434,0.0069148978464405155
8.470951579216232e-06,0.015374794449695276,0.10015661529488869,0.8663635657941767,0.01809655350965993
1.2555538260321385e-08,0.010359154545579286,0.10778944490657628,0.8664190595528142,0.015432328439492075
6.070193033279527e-09,0.003054389640636732,0.0248772494162123,0.9689342161669615,0.0031341387059964907
2.6243494622605382e-09,0.0012372299103390412,0.01739905506086231,0.9786396645996062,0.0027240478048430918
5.290623676390083e-08,0.005937197865763289,0.06298029284613313,0.9239034420019961,0.007179014379870652
1.2109203719354862e-09,0.0013526653867772347,0.012264420856590748,0.9843898779957216,0.001993034549989941
1.912825625638656e-07,0.0031424311282255805,0.019721641420198822,0.9737251128738448,0.0034106232951683266
3.251016778096895e-10,0.003554263902729155,0.05156019781199898,0.9394230299525658,0.005462508007604523
3.734951202004692e-09,0.005820467053575466,0.043400972405667294,0.9427003654655494,0.008078191340256832
1.2582527084833128e-06,0.01041776422215591,0.05582383959034586,0.9251832756802382,0.00857386225455172
6.815818558170771e-08,0.010172462476853045,0.044322692933557534,0.9319942399117928,0.013510536519611054
0.0008397283047570692,0.05334980306057546,0.28566961012850955,0.5794796076351084,0.08066125087104951
5.855526006351734e-10,0.0009875031544318523,0.011242454831713586,0.9858395112967434,0.0019305301315585234
3.338564315081172e-08,0.006937780275923198,0.03679200533017452,0.948530572781304,0.007739608226955144
3.524394450207768e-06,0.007073739904692184,0.05585077973184607,0.92241905568922,0.014652900279791456
2.088117009669749e-09,0.001392744967135703,0.013901779021844392,0.982492288342334,0.0022131855805689873
5.958858921595404e-05,0.04001154625711379,0.21421074611177493,0.6993696786218208,0.046348440420074556
1.4555788072601169e-07,0.005315106929307277,0.21219317835118634,0.7742384791841546,0.008253089977471
3.2522924762323157e-06,0.023276213040648613,0.1469397019654843,0.8054021862112668,0.024378646490124094
0.0016343328409802133,0.1180606438293426,0.2879682736653646,0.45517673824022326,0.13716001142408932
5.701025768874176e-09,0.02646284800401065,0.12070577619775237,0.8234466607944312,0.029384709302779966
2.785519715636187e-09,0.0012065268188438942,0.014873584831229303,0.9814508999098717,0.0024689856545354254
0.00048447833490672165,0.05593193519931657,0.26132504676992946,0.6052684046312182,0.07699013506462903
1.8678666539325457e-07,0.1831290934237508,0.15839756425599208,0.6273544513688379,0.03111870416475369
4.68684793761359e-11,0.003952678729477395,0.04039647419229722,0.9507946651447061,0.004856181886650759
2.3479905081499495e-06,0.027101384976800837,0.3019224987157624,0.6258041348838427,0.04516963343308598
6.2870134322128884e-09,0.0033785702044633304,0.02310928674373125,0.9695626084467258,0.003949528318066178
1.0924017520869483e-06,0.012877339204775589,0.07317639237146645,0.8932436673726261,0.020701508649379866
3.2842860461593234e-07,0.003580890025136093,0.024108920335361994,0.9668853435658443,0.005424517645052972
6.216931937011355e-10,0.0024371912731213636,0.020922087431826965,0.9735916425312848,0.0030490781420737124
8.356012209637748e-08,0.0254629471699425,0.2995478233880546,0.6384143680952948,0.036574777786586035
0.0005550811055694949,0.04437742099637101,0.24443139730848598,0.6529007153481219,0.057735385241451616
1.6401644681886359e-09,0.0017374081885471468,0.02714028849201296,0.968001647109492,0.0031206545697833425
5.2037185135217625e-06,0.029556291403480334,0.3685441582826341,0.5648955561381414,0.03699879045723067
4.473962352963501e-06,0.005353417099171642,0.03579234917522148,0.9503279717396674,0.00852178802358651
0.00022549038846194874,0.02744272623258386,0.09994210929465959,0.8282546983189923,0.04413497576530217
6.043872102787201e-10,0.0023460784431778067,0.024457640717330826,0.9689982854760654,0.0041979947590388075
5.825903168238438e-06,0.025854465585032682,0.1793960474934717,0.7675682051761453,0.027175455842181995
2.338710010148806e-08,0.006501855964894523,0.043183613708181544,0.9426136393922803,0.007700867547543496
5.8422722153358535e-08,0.010572776998619702,0.09184126521749142,0.8822217188016673,0.015364180559499493
8.272891620759554e-09,0.002309818471060291,0.02144701058881845,0.9729951141053288,0.003248048561900828
1.818026359089553e-07,0.017584291990120297,0.18121540357914082,0.7707970105806204,0.03040311204748261
2.3682584577009548e-08,0.009550774881937967,0.045032084647337274,0.9359045670996459,0.009512549688494167
5.5193313370232e-10,0.0063371078866167165,0.057736064001582106,0.9236701998558964,0.012256627703971505
6.499508928445528e-08,0.0016951611334526174,0.009967640700123993,0.9867193194394126,0.0016178137319215928
1.3725085629844966e-08,0.008421215528597351,0.06354478252751244,0.9172544198603644,0.010779568358440276
1.054458351084701e-08,0.0022418987121501557,0.01515299316675138,0.9794110716394338,0.003194025937081371
7.13250164335889e-08,0.014289260069910095,0.2645661646351181,0.7060349682895666,0.015109535680388765
4.119585099700808e-07,0.004982280359080278,0.02944973932338674,0.9595659404300766,0.006001627928946388
6.431350517518988e-07,0.048335866119203964,0.36113635433723795,0.4827099027982709,0.10781723361023547
2.5658124186587494e-06,0.030038769881528617,0.2157833480480403,0.7189112498713461,0.03526406638666636
2.5199284258059357e-10,0.0014501277347013107,0.019635884754635152,0.976175191019415,0.0027387962392556274
1.659797369464218e-06,0.007507781466574415,0.055305409278231986,0.928012071853907,0.009173077603917277
8.55760700413726e-06,0.007515116558509457,0.03833538522472242,0.9461393199983575,0.008001620611406515
3.520699936107316e-11,0.0011903875022121794,0.01984993106932049,0.9767263476828408,0.0022333337104195107
6.367813271029391e-07,0.04400464270292125,0.28121505444847655,0.6181483729304821,0.05663129313679293
4.634386969965172e-09,0.002550615626688603,0.02541636092092457,0.9680327333158004,0.0040002855021994506
1.1351177238970178e-07,0.001996216516042729,0.014885803777361435,0.9801365935309904,0.002981272663833036
3.6899009035612108e-09,0.0020376278949215463,0.02607578936677996,0.9672283023234166,0.004658276724980942
2.752953396350191e-10,0.0012840779426827786,0.01782399727392383,0.9780395662062914,0.0028523583018067442
2.0530188297165366e-08,0.0015501309787258226,0.014004044692448701,0.9824971954028112,0.001948608395825989
1.7799881934528632e-06,0.011633359188773638,0.2584922354379495,0.7163535956118894,0.013519029773193983
2.261029959848143e-09,0.0019975384569052342,0.02315178336817682,0.9717184467662232,0.003132229147664788
9.552276288356347e-07,0.0042399918089967275,0.0268905683939875,0.963175850368193,0.00569263420119387
2.1221333992127976e-08,0.002338294536948823,0.029438415804728488,0.9638503196717516,0.004372948765237024
1.406357586644796e-07,0.011763128343774555,0.08799761061098031,0.8864477602068787,0.013791360202607886
4.4848802305439175e-10,0.0012268276094522246,0.012616691843834432,0.9841092706297107,0.002047209468514732
3.1828985629638475e-07,0.004541828266942704,0.023830828409494065,0.9663106956230755,0.005316329410631558
5.858096385131629e-08,0.031352485192615485,0.2637868269774316,0.6523673049100172,0.05249332433897183
8.105505299056177e-05,0.016774423646169236,0.08091741600619552,0.8815989584473924,0.020628146847252154
6.815896844698789e-08,0.00298304517398563,0.023043390362343274,0.9702746675155973,0.003698828789105098
9.80689747380417e-10,0.0022636813424402936,0.031299594784182816,0.9628849312784941,0.0035517916141930565
3.61272441119741e-10,0.005344502726797652,0.04509511086953785,0.9397060410657856,0.009854344976606515
2.3828860781503775e-10,0.005925108379061235,0.07537152035857682,0.906681774519457,0.012021596504616356
1.4849010522389466e-05,0.04544074070475348,0.25336056663161155,0.4659707820354881,0.23521306161762448
0.0002472283991088435,0.0614407846748203,0.30634527602851375,0.5318876286115023,0.10007908228605479
5.386051944642982e-09,0.011413675813954414,0.09564260237301282,0.8688019943461214,0.02414172208085935
9.519050657873156e-09,0.0071955936517823366,0.07407161731195185,0.9073393329516048,0.011393446565610437
2.2634705439022678e-08,0.0026336316050213624,0.021485246251165515,0.9714861871502124,0.004394912358895122
2.901491832900877e-09,0.0023349200135639684,0.019130576440241638,0.975448715897454,0.0030857847472486838
2.8172961708645344e-08,0.024620403711287722,0.2687800821567333,0.660553940004742,0.04604554595427534
2.3261284513772766e-10,0.0022508475836325735,0.021896379776219475,0.9722124472147852,0.0036403251927498545
1.8191349009011952e-10,0.020886883999074304,0.3061984122787551,0.6389028332010928,0.03401187033916429
1.0175377796513488e-08,0.0035528295293324273,0.021607720317662546,0.9711713308581925,0.0036681091194346537
1.054157116336924e-08,0.002799577474788463,0.023733511150149152,0.9700207945079863,0.0034461063255049064
4.5462083139797405e-08,0.005631976325236625,0.04506624862505473,0.9434201108386149,0.00588161874901058
8.402339125197834e-07,0.005799385033259272,0.03374950362873883,0.951803561413938,0.008646709690151381
1.812872097262148e-09,0.013588314130545507,0.1385555962922921,0.8254401465423064,0.022415941221983957
1.3285157615368409e-08,0.007479257732663937,0.06281006735658007,0.9166559068732738,0.013054754752324586
1.428919618263284e-06,0.03764132219480935,0.2577387072850353,0.6575218819868142,0.04709665961372309
9.308172586877686e-10,0.0012309627398287152,0.01313073064624756,0.9836648898037567,0.001973415879349801
5.4567552933028515e-09,0.0020955443322587153,0.01961508871385777,0.9753106742194918,0.002978687277636409
5.870795997836935e-10,0.0018316069655715129,0.02094813103087166,0.9736883320840534,0.0035319293324238437
3.3919977957066774e-09,0.001115164186158761,0.013214112889850171,0.9832612799262712,0.0024094396057218587
4.533201720623415e-08,0.004844406047038335,0.06641027374925255,0.9214316418309111,0.007313633040780918
2.1579860746235812e-08,0.010709834901945983,0.09229254473484756,0.878925032713656,0.018072566069689818
3.0659361508869038e-09,0.0034454583488349832,0.04481004910771267,0.9470701872723093,0.004674302205206882
1.1966997941306578e-09,0.0015435880949699182,0.01620686923662914,0.9797615218609502,0.002488019610750955
3.4633425355091363e-09,0.0057743485702779285,0.06782138826938723,0.9169253587665023,0.009478900930490067
4.814687322616999e-06,0.009867468961850609,0.0456030272608752,0.9304061054861122,0.014118583603839328
5.5707439100150656e-08,0.006515852578975041,0.06571144869497983,0.9157222889035995,0.012050354115006587
3.037091893034108e-07,0.003955834107528038,0.03272136506233115,0.9590099916869032,0.0043125054340483
2.968957228785787e-06,0.00976392077532971,0.07435561717151416,0.9004183530086091,0.015459140087318428
1.6662056785323012e-08,0.0021479067039801973,0.019701395681424885,0.9747608825440247,0.0033897984085134694
5.662857595922648e-09,0.0018294742982128114,0.0175496129729166,0.9773570597907355,0.003263847275277478
3.710728957914561e-09,0.002430144793467508,0.018301555350754985,0.9757717559973912,0.0034965401476575292
6.667005329846549e-09,0.0031708035843465523,0.020922391315736418,0.970832890313544,0.005073908119367621
4.889513142287516e-10,0.0013702934684535382,0.01662686473159495,0.979687020306962,0.002315821004038334
3.079641552930075e-08,0.002069963073604669,0.021250945001072153,0.9741614385295763,0.002517622599331377
7.488097239016399e-09,0.004665317526682301,0.05307702846131785,0.9338357882726624,0.00842185825124001
1.8560008465341437e-08,0.008629289924206534,0.06827210224496146,0.9124769453610956,0.010621643909727812
1.7512021300898474e-08,0.0017568892304153459,0.0179627232251144,0.9768229596874428,0.0034574103450062143
2.7213794869019595e-08,0.015769853060361997,0.15072422332369692,0.8073628701073655,0.02614302629478077
1.8208905867402142e-07,0.011399630440009188,0.08246163777057691,0.8933449194746258,0.012793630225729387
2.2165274265921532e-08,0.005120336063206149,0.04335745483749354,0.9450254079200756,0.006496779013950405
2.4924463948005864e-07,0.03445781295978006,0.26438594709701496,0.6596829747122798,0.04147301598628569
0.001085579456886185,0.06844354934642848,0.4774627506932669,0.35632659839112263,0.0966815221122958
5.578087867020765e-09,0.004648441601589714,0.04434748907095246,0.9439807224660918,0.007023341283278025
1.1770586863716069e-07,0.0034852698669459344,0.02863805560852346,0.9638791254375983,0.0039974313810637535
5.7853767703088504e-08,0.04103064524341109,0.519514667757243,0.343218113093946,0.09623651605163215
1.3787120327370562e-07,0.002695305693976234,0.021988853902504102,0.970891026531154,0.004424676001162466
2.2079567120897936e-08,0.007488252412970263,0.07815163582290421,0.9042635835034242,0.010096506181133997
1.5505496767623278e-06,0.00721964272436306,0.026469043011417556,0.9580009491439171,0.008308814570625433
1.0590477035230052e-06,0.00386523868997193,0.025731484875468103,0.9638143947551083,0.006587822631748162
4.038536941221529e-09,0.001365791033182424,0.01143080740971491,0.9849148486305511,0.0022885488880145166
6.324969315711307e-11,0.0010746748254686787,0.012820882739937646,0.9845822216760456,0.0015222206952985502
2.8496087986640035e-08,0.006850428180531046,0.04783470198657977,0.9371748767442521,0.008139964592549122
1.0243089112967229e-10,0.006449211679729644,0.07804000162644019,0.9061651537196109,0.009345632871788433
5.919358746064016e-09,0.0029725914955542766,0.023860927164325044,0.9694250726435739,0.0037414027771881507
7.504106745474179e-07,0.008408615790760311,0.057287029432759186,0.9220388702292636,0.012264734136542436
7.307675997164389e-06,0.0043779626954270874,0.026471455860358945,0.9642554520863073,0.004887821681909456
5.171271190337207e-07,0.004091454980639816,0.029708970631773083,0.9610628170317191,0.005136240228748976
3.6676427141522567e-09,0.010349587479826094,0.12391589586523505,0.8502769028449904,0.01545761014230572
1.4741206595664305e-09,0.004835750753398942,0.05754179334995973,0.9319038374156859,0.0057186170068346835
1.6250436753276475e-08,0.02703027121714492,0.2549093653896141,0.6722235246353399,0.04583682250746443
7.701774312457113e-11,0.002085676933927737,0.0303190281070448,0.9624258095253424,0.005169485356667337
6.085355644154683e-08,0.0012395979726260418,0.009489023062044194,0.9875114740853803,0.0017598440263932001
8.934938195686938e-08,0.009686123577762431,0.06398845263998124,0.9123748135462485,0.013950520886625845
1.4001045649201019e-07,0.02694603140279196,0.231934171508322,0.6740001615653778,0.06711949551305187
2.730569468007741e-11,0.0013093584580032343,0.024203072508663173,0.9713355715777463,0.00315199742828162
0.00044022644950660186,0.04600315002645288,0.22788538070579176,0.6683277714209489,0.057343471397299776
3.892861019700113e-07,0.034771295882931694,0.19733560017314658,0.728446487902223,0.0394462267555968
0.00018087284708725432,0.056677048816838986,0.30121487460096374,0.5748373290516605,0.06708987468344954
0.00029430649509415956,0.05311424401288828,0.2631813467082494,0.6193774473997008,0.06403265538406729
1.403402078464271e-09,0.021351997678249798,0.36273442918791815,0.5749949436382351,0.0409186280921949
2.1956769468380337e-07,0.02143178607190727,0.25740459012118094,0.6832660284491695,0.037897375790047545
4.683657685596838e-06,0.01216320355829544,0.08892029414012644,0.8775217696077883,0.02139004903610417
1.527836916616087e-11,0.001528312443324132,0.021252539897668354,0.9746002149685271,0.0026189326752019365
1.8444498969241433e-07,0.003348208872712812,0.02977540463664563,0.9609132252703008,0.005962976775350963
6.190303659309229e-10,0.003057404028011902,0.03485174266548363,0.9571033604004794,0.004987492286994653
8.251902113624917e-09,0.004189869381539293,0.03658088019744866,0.9519818502634605,0.007247391905649477
3.723683035358026e-08,0.0013687917429748896,0.01117927863845173,0.9856391525219043,0.001812739859838793
2.2449921975934683e-08,0.012769065818406394,0.16557659909483696,0.8013988312416326,0.020255481395202144
5.7106794939328645e-09,0.0014404301801657533,0.012119007185951207,0.9848286982034109,0.0016118587197926845
2.583320218004083e-09,0.03577110596360064,0.362145733922677,0.555361676326824,0.04672148120357806
2.1216791845918897e-08,0.0022660676936142048,0.018604485824611886,0.9758905129437797,0.0032389123212022155
3.236954791020015e-08,0.0014147646087849,0.014747758454195124,0.9817595067733987,0.0020779377940731815
4.7912097910572535e-08,0.0048411662872630025,0.030611085092260158,0.9566037857284285,0.007943914979950404
1.2694025212160353e-07,0.027431636326024685,0.21476525602374652,0.7213451048713329,0.03645787583864379
1.8401402698284492e-07,0.004290859919449666,0.025096929835750167,0.9647432934390044,0.00586873279176891
3.44923043321517e-05,0.03137566781626137,0.21381473903583034,0.7162814321420711,0.038493668701505085
5.803739270701967e-07,0.038880216316735446,0.3023547158447188,0.5992918568285039,0.05947263063611466
1.8514108114750906e-05,0.22333589953350944,0.12847222889973162,0.5967059029234183,0.05146745453522583
5.780335737707369e-06,0.029835575549526233,0.24286127692387963,0.6809023692854486,0.046394997905407916
1.459213062986586e-07,0.02548133415323306,0.27035328677784964,0.6640079069832404,0.04015732616437057
9.939079042786648e-09,0.003663450906391108,0.020479347693367428,0.972339577241986,0.0035176142191763633
2.250890686252335e-07,0.046463569492090996,0.2921162999996428,0.6033144576538033,0.05810544776539429
1.9522976639301743e-05,0.01663899541236062,0.06339566851990816,0.9067957474772236,0.01315006561386841
9.706190049583688e-09,0.042813328632585905,0.5630987601972582,0.31823275280640057,0.07585514865756522
3.318013174579601e-09,0.0034592444472650633,0.028617505790083337,0.9627586307167496,0.005164615727888746
4.886714856200923e-06,0.00873347265133599,0.06771255104312457,0.9091041570499715,0.014444932540711823
0.0010646185446105381,0.06132133436596158,0.0791244064446815,0.8070953719719792,0.05139426867276709
7.160282284328866e-06,0.011505499069910224,0.06337908996022336,0.9123447975390185,0.01276345314856347
1.9238349679040012e-10,0.0017047881697802795,0.0212671299604696,0.9744281926644186,0.0025998890129482026
1.954848382344981e-07,0.005640129175331584,0.0378380276792901,0.949381571053668,0.007140076606872006
5.49702021516041e-10,0.0013208037838021768,0.01677284714548885,0.9797845715238754,0.0021217769971313065
2.994357903898137e-07,0.0058030632855640895,0.04554961692430853,0.9417113038425016,0.006935716511835246
6.572448555598997e-09,0.0010070978522619017,0.013563814130946384,0.9834871835329065,0.0019418979114366247
8.471566471835553e-05,0.033268466402745014,0.1902199934260691,0.7226859189568641,0.05374090554960345
9.78833563307258e-06,0.032242743591855756,0.23118479626304514,0.6775795607280265,0.058983111081439464
1.8000623219645135e-05,0.032912962080925694,0.20530900833788324,0.7148698205349239,0.04689020842304748
5.777183394903107e-08,0.002248786395295545,0.020716100402218593,0.9723302432830087,0.0047048121476433785
9.451444032477203e-07,0.004682385515512689,0.04241217764822819,0.9437824453143498,0.009122046377506063
2.1716072353232005e-07,0.04244600194853564,0.3768085821059252,0.5057811189066097,0.07496407987820596
2.0226968151114006e-09,0.008137779383024615,0.11555687748790006,0.8577499813596122,0.018555359746766257
9.31030082021524e-08,0.0052333109454488136,0.03949038972961068,0.949843197783618,0.005433008438314134
6.324969315711307e-11,0.0010746748254686787,0.012820882739937646,0.9845822216760456,0.0015222206952985502
1.6622149886423835e-07,0.007449733889637203,0.0933823896838676,0.8865829864265234,0.01258472377847293
1.1607305381879094e-09,0.007702587357923728,0.09571824197867358,0.8879539830862985,0.008625186416373774
5.934243646401761e-10,0.00604743821867858,0.07288447942731864,0.9104871062342221,0.010580975526356286
5.393236251510316e-08,0.0016520111673692039,0.013376004297552362,0.9825578013721987,0.0024141292305173167
3.573137552342771e-11,0.0019038914827980962,0.0345027757984177,0.9591938241615202,0.004399508521532666
3.288396954179744e-08,0.0018766004143765558,0.018478017701375787,0.9774262459725541,0.0022191030277240796
1.6197007687585747e-06,0.0039237306136464655,0.03245712770344816,0.9583826227135105,0.005234899268626126
1.054119729365425e-11,0.002035406263747467,0.031697492381691776,0.9626519079222743,0.0036151934217453566
0.00019148236468161656,0.0356365936669616,0.1883333156612019,0.731852339808568,0.043986268498586785
2.0904772308868558e-10,0.0013091246114893915,0.01461061081149489,0.9817988554605533,0.0022814089074147674
4.514164016927425e-09,0.0011591027732595722,0.012338810912608252,0.9841365043200277,0.0023655774799404084
2.0974334107627648e-07,0.006601274378464062,0.035490622532798805,0.9477158691934813,0.010192024151914886
1.1245445213652742e-09,0.008451344721270761,0.05233004188871999,0.9278713912127533,0.01134722105271148
6.504598728627591e-07,0.005028336357565025,0.025000180790829857,0.9653188410008725,0.004651991390859729
3.1030232619094275e-12,0.0029924402364359085,0.05552122818081026,0.9325227679911195,0.008963563588531261
5.001619850901294e-10,0.0027432987526025895,0.0211230534718104,0.9727999434000384,0.0033337038753866494
7.426638695015827e-07,0.007720534372874739,0.059344069955917504,0.92405146067982,0.00888319232751829
2.1401316992512566e-08,0.0014241111693385263,0.01906768595386108,0.9773597690556285,0.0021484124198548732
5.320881952014272e-06,0.010797209103721395,0.031923475492128366,0.9456799270616923,0.011594067460506037
1.2361896954003319e-05,0.01034926940099326,0.06868356495754636,0.9062213272658268,0.014733476478679543
2.494235827328607e-07,0.002957849356933358,0.022561489648432128,0.969404567587462,0.005075843983589893
4.737811638233995e-09,0.027036526380612224,0.31816540583494163,0.6078246380459436,0.04697342500069098
1.172004373619566e-06,0.007951379400244178,0.05005539033921516,0.9321167675355704,0.009875290720596655
3.2271581941246485e-08,0.0012161337024373105,0.011762094621669652,0.9850941917232361,0.001927547681075093
3.7225377249998044e-10,0.00427003730797005,0.050950921741075454,0.937426909695182,0.00735213088351859
5.226255471470399e-05,0.035096954491675235,0.3802405740427925,0.5380978399105216,0.04651236900029596
1.5184432577095367e-07,0.0030899860324368963,0.02775435422992312,0.9635794267078374,0.005576081185476885
5.57368657394274e-07,0.0016802596530855023,0.014285402906335303,0.9818291413818997,0.002204638690022192
6.054939920247998e-06,0.02768690517647501,0.17698021739248435,0.757701758999186,0.03762506349193458
1.3054159891517781e-09,0.002846323921329556,0.03083621879415022,0.9631271215874926,0.00319033439161171
1.4246975770175036e-07,0.030327545375016793,0.4314822625602604,0.4924961466448409,0.04569390295012426
7.456012145011313e-07,0.005689854567609304,0.052199651086733356,0.9330934943060557,0.009016254438387085
0.7353512499388098,0.013330104808389103,0.08077620545150603,0.15052730094715983,0.020015138854135167
4.3433076321226736e-10,0.0025099683117554734,0.024172306420284676,0.9698239222209336,0.003493802612695468
8.887385441101113e-10,0.0020864629859025504,0.023611584352283305,0.9712442906057421,0.003057661167333442
6.578524002653465e-09,0.0027095789260305095,0.019697273647425094,0.9736669116491566,0.003926229198863907
3.894052717168074e-09,0.0007748867977625777,0.007725380789025565,0.9900792852407722,0.0014204432783869894
1.3129945965974213e-08,0.00267763899859168,0.02433637907740468,0.9675317795944705,0.005454189199587296
1.011887387532402e-09,0.00815242668667317,0.07307228821947992,0.9028737657702038,0.015901518311755666
6.143819488927721e-06,0.009611673137935412,0.06764670982648587,0.9106165541732119,0.012118919042877834
0.0001373167075354581,0.01575877401609881,0.10865744375726195,0.8498480158373131,0.025598449681790605
4.088829119721511e-09,0.004535613243846971,0.049656663034123326,0.9387538238763019,0.007053895756898837
1.2267972527253282e-10,0.01661426587454086,0.20800580448652772,0.7465739115580744,0.028806017958177426
2.3654012720386835e-10,0.0013091923461679249,0.018163197724086432,0.9788082694534052,0.0017193402398004425
2.112301463160713e-09,0.009115495228846117,0.07613722678165888,0.899745533986913,0.015001741890280468
3.824831997659185e-06,0.005592816614414436,0.033710113622890676,0.9521889062189036,0.008504338711793721
7.005407454317374e-10,0.0031996038660913194,0.04560334725118436,0.9462200631251143,0.004976985057069219
3.753739962164055e-07,0.011046720337799356,0.0782015775063505,0.8982102330007016,0.01254109378115232
3.6494553156570107e-10,0.0014459076735615012,0.018544060894560364,0.9772707421958273,0.0027392888711053006
9.601401954925917e-07,0.0032886550136040117,0.026372925511895004,0.9649434440787562,0.005394015255549383
1.7603388142769676e-10,0.0024700030811331958,0.026950042994059273,0.9670344467074959,0.003545507041277734
1.1953933989080628e-08,0.0045464771362674515,0.03238307036470233,0.9567946918763512,0.006275748668744911
2.088699332626782e-09,0.02262547946190806,0.22733165018301582,0.7218761385415634,0.028166729724813575
4.545786245288926e-09,0.002163707880670791,0.018001997289296398,0.9770401939970091,0.0027940962872373843
3.4139743459095017e-10,0.006549796337447438,0.05967354736272381,0.9234254711086488,0.01035118484978253
1.7089299147477588e-07,0.0022389194895696307,0.01861767978700415,0.9757058125996733,0.003437417230761556
5.713620233784125e-08,0.0012544740690702764,0.010107421827916982,0.9865888439994195,0.0020492029673908475
0.0009031859353213926,0.06528048486825302,0.2592069390161475,0.40025986950896897,0.2743495206713091
9.830929463135671e-08,0.00902733459245136,0.08559855384090718,0.8886131882215698,0.016760825035776986
2.2154312249219835e-08,0.006528379100238153,0.06115528616045135,0.9230175482559778,0.009298764329020359
1.0933903283962631e-07,0.014413434621258386,0.13107745827638043,0.8256155765820701,0.02889342118125825
