0,1,2,3,4
0.0015549968140184298,0.028926295798108764,0.5491037377892085,0.3689196682260686,0.051495301372595725
3.9798664552578305e-05,0.00480754326574799,0.03379981964029855,0.9534061320893729,0.00794670634002792
4.366902107359875e-05,0.005942118722363295,0.0658094209528348,0.9142581219704139,0.013946669333314407
7.008238385760003e-05,0.006092578734561062,0.04453268140687498,0.9365733103354094,0.012731347139297005
7.329883850060997e-06,0.0008102966811013226,0.008301055104787427,0.9884764226251633,0.002404895705097933
0.00018300147204236209,0.028559110503330827,0.11597247664385871,0.8440669723384981,0.011218439042269848
0.0006615554477957134,0.05890557211909575,0.22919764749836796,0.6642979249992254,0.04693729993551532
0.0003699800641622442,0.022776650330617217,0.19247343710184872,0.7587162094246616,0.025663723078710343
0.00014762579625679276,0.014776285514281017,0.06555819127509914,0.9007604298586172,0.018757467555745817
9.395256187707773e-05,0.006267062040705278,0.062211766130029475,0.9209405265430151,0.010486692724373045
2.8752277817400024e-05,0.002311725900185058,0.016798774458817504,0.9771027727229196,0.0037579746402604313
8.774616463381701e-06,0.0015307829242536609,0.028005617072527727,0.9657045117976247,0.004750313589130529
0.00020333652140928213,0.04053509877994923,0.5100345636741622,0.2772333027289423,0.17199369829553696
0.0006696272312054722,0.04530698345665033,0.36884939487145574,0.49593850744760326,0.08923548699308517
0.0013288814686348053,0.0289467272635043,0.20606922159175078,0.6915770536685286,0.07207811600758145
0.0026094454774101754,0.38741190842999507,0.20777706219983286,0.32777074911752896,0.07443083477523288
3.740584579029479e-05,0.012362892323666694,0.5457559966210479,0.42833774329645136,0.01350596191304379
8.15547928728425e-05,0.018488790560205134,0.126783098920277,0.8382229991779472,0.016423556548697944
1.0876340184872675e-05,0.001547066550356484,0.015373710423477491,0.9802170213520792,0.002851325333901847
6.8781315286398126e-06,0.0024193821271268055,0.01683882901718045,0.976174192531143,0.0045607181930211555
4.899057324559392e-05,0.006600055301416767,0.024934412060376103,0.9637418082612633,0.004674733803698137
1.1140009217994047e-05,0.0013419112016356991,0.012024209091961464,0.9826078091045753,0.004014930592609611
0.00032243781415358436,0.0454273924773352,0.4388999611592318,0.4493979376157637,0.06595227093351572
0.0003642876560202136,0.08262489190740971,0.2746427989774369,0.5672797332642368,0.0750882881948964
1.0445764920694589e-05,0.0038510309907246014,0.027474156752833066,0.9625501658038011,0.006114200687720519
0.001022457767102683,0.08854458626162912,0.30300592174422725,0.558165103945936,0.04926193028110501
4.364729325095452e-05,0.010171510811912256,0.40313256414777676,0.5724790549201859,0.014173222826874157
5.302996777669905e-05,0.004021105285109091,0.023198018796143634,0.9678826609095974,0.004845185041373088
3.490808295680046e-05,0.006607559205931489,0.4172882773959149,0.5637666731654281,0.012302582149768985
5.336861468531991e-05,0.024935571326512668,0.17968301896967817,0.7640014341418874,0.03132660694723649
2.0681684040509444e-05,0.005128244207756685,0.022789580602620638,0.967688931748126,0.004372561757456167
6.773741983408737e-05,0.004015327051946493,0.032806632795741975,0.9558594635216331,0.007250839210844466
4.345587021153314e-05,0.01242493950573173,0.1777205786265684,0.7947953255718907,0.015015700425597656
0.0002448482786798466,0.03644604123521637,0.2110279566616282,0.45883888926853966,0.29344226455593597
0.00016158842507645204,0.010208500788505397,0.06581353169729216,0.909089836873628,0.014726542215497972
9.809654469570749e-06,0.008822602652241109,0.07527672908360171,0.9070078943789224,0.00888296423076537
5.307770554275889e-06,0.005663520375307692,0.04400017006040977,0.94153200006389,0.008799001729838255
3.382774465932313e-05,0.018099189156140554,0.322517797139413,0.5956602139967637,0.06368897196302345
0.00020635121725440597,0.012506515562523607,0.13549733189962937,0.837552031254315,0.01423777006627763
8.847118440275347e-06,0.0009513041387038684,0.011044922519931954,0.9858268551614403,0.00216807106148374
1.3410288061213772e-05,0.0010451623198588886,0.01170257643930549,0.985249660589492,0.0019891903632822706
0.0005675563297078275,0.013859927545038514,0.16515093587534171,0.7980031286699336,0.022418451579978453
0.00047720918589183836,0.009390888303527462,0.3725838636556048,0.5943821878751451,0.023165850979830795
7.20958324253889e-05,0.0201091286405626,0.3073905321545915,0.6423047247057867,0.03012351866663381
1.3254829976205499e-05,0.0020036235291139527,0.019926184239054717,0.9723287602844757,0.00572817711737961
0.00025223540956042286,0.02160597128822464,0.1509401034762941,0.7961633922088832,0.031038297617037573
1.725738467924782e-05,0.002007643488100271,0.057607043670049485,0.9343726710143688,0.005995384442801928
1.492975015459131e-05,0.006476710931813944,0.1442205767675742,0.8353397058706916,0.01394807667976557
0.000872005308223851,0.04782035287066903,0.32689030811172803,0.5589210417569592,0.06549629195241977
8.601597566688902e-06,0.006004784965973735,0.025293122726507754,0.9651193182216765,0.0035741724882753035
2.4666492895051435e-05,0.0022778783852118903,0.019898202862879147,0.9709516872344137,0.006847565024600086
0.0006156077624477561,0.09701442781541547,0.2867941892651114,0.558326471479857,0.05724930367716834
0.0003419217769284559,0.05557185782107917,0.3308941253209413,0.5699869047083296,0.043205190372721525
2.134310781424561e-05,0.004047221900764457,0.021783090823468458,0.9589805175826884,0.015167826585264327
2.630931062806567e-05,0.007743776553797513,0.13327565008410125,0.8433063520726396,0.015647911978833612
2.9401271378817725e-05,0.002292675650593607,0.025286401453138835,0.9690943238741431,0.0032971977507457043
2.1046283309164843e-05,0.008285194319651763,0.11406982829017635,0.8636806408717812,0.013943290235081656
0.00023291236166594155,0.02517591220049818,0.21588580274131647,0.7265263527028474,0.03217901999367208
8.319272527381372e-06,0.003908022951290718,0.04764173598212833,0.9371268149213643,0.011315106872689381
0.00029424859184831416,0.013759571311878544,0.228134820261793,0.7367140810415556,0.02109727879292451
4.1880696821288285e-05,0.029178587244368635,0.1928848811089049,0.7541809819311037,0.023713669018801342
3.546179868066139e-05,0.0048840802347374585,0.03246208438909369,0.9564904574085453,0.006127916168942724
3.333420468078218e-06,0.0009108176309308681,0.011079958194445736,0.9859035316153613,0.0021023591387942103
0.00010147679793318844,0.008214564519485459,0.061420930917472936,0.9191696204085356,0.011093407356573059
0.0003422766689678113,0.018492602564315053,0.12465435846948517,0.8284162321019904,0.028094530195241368
1.190824243774997e-05,0.004549341022514406,0.023559022875454114,0.9630777660939925,0.008801961765601178
1.5472599547199536e-05,0.004353609140134633,0.08047045695090752,0.9023021210170311,0.012858340292379538
0.00018365610359138504,0.04441153030428226,0.336254846351521,0.5467178335945001,0.07243213364610519
5.1073757209329856e-05,0.003022739449025904,0.06753105748378566,0.9194387348960665,0.009956394413912596
0.0002843778966083735,0.039887642888969024,0.18794488864368444,0.7079302690230671,0.06395282154767108
7.050808583070813e-06,0.0021290680956492394,0.023462816366346145,0.9687482311803459,0.0056528335490757696
2.4394150252852834e-05,0.0029670442963872943,0.012828108382531211,0.9816650708419351,0.002515382328893641
2.6666484236020643e-06,0.0021312988645928125,0.01767354905104174,0.9779091030041,0.002283382431841828
0.00024963098650230794,0.011528408716934873,0.3755021109797793,0.549165058042008,0.06355479127477548
1.7171651558707766e-05,0.005394260948445135,0.023857215385681637,0.9639236564351676,0.006807695579146901
6.904579911404078e-05,0.038416094537411856,0.3015738787856426,0.6128014676421663,0.047139513235665134
4.7739984965871314e-05,0.00512446014667205,0.03917011797725111,0.9435079656508762,0.012149716240234715
2.5027537250905513e-05,0.0025128563040668615,0.034455516872736104,0.9459719455688967,0.01703465371704949
0.0004933822077290298,0.038836324880735226,0.16885037903481442,0.7518698600923261,0.039950053784395166
5.207466109792495e-05,0.005155115421375952,0.036627985235616986,0.9534583198860691,0.004706504795840003
1.0353747200647029e-05,0.004218918491635994,0.054687683519548426,0.9347725351426733,0.0063105090989415
1.1908113569040923e-05,0.004814583505559553,0.01286220615398052,0.9795642920214283,0.002747010205462666
2.7303559696326963e-06,0.001079308401495375,0.01052293051227535,0.9848420782716293,0.003552952458630185
2.119585083180794e-05,0.0030508290860256125,0.03932850337891021,0.946124471611008,0.011475000073224394
0.0004320263642095543,0.049628395296888464,0.5223515135404055,0.3408885077056252,0.08669955709287122
1.6023564786995525e-05,0.002416337499408966,0.01584680016999813,0.9787414612843748,0.002979377481431107
2.569696465795394e-05,0.0028069529842029662,0.03778589688597149,0.9542946818192117,0.005086771345955937
0.00018254168032710985,0.04169356465674387,0.09619729480000898,0.8535637542378878,0.008362844625032255
5.581523607259545e-05,0.005775420031880475,0.022837596272938812,0.9607444674693776,0.010586700989730526
1.7079367535336902e-05,0.0032174795426674076,0.030998998913140806,0.9609704584387255,0.004795983737930827
2.724012381398316e-05,0.017350660276867314,0.14123896823276538,0.8285388179264087,0.012844313440144537
2.9895641486722344e-05,0.0035264248303066804,0.020057299862292592,0.9652708535166188,0.01111552614929526
2.2657945011500405e-05,0.005894100718767761,0.050706608836785724,0.9335056924529909,0.009870940046444215
6.180340010728661e-05,0.008238239268273261,0.15929578109149928,0.8020562205004712,0.0303479557396489
1.3152634843344556e-05,0.008336171050222484,0.06217333080362979,0.9231955008958821,0.006281844615422574
1.5027540789431084e-05,0.008179274517165252,0.017615100590801454,0.9719846019013648,0.002205995449879104
3.853418103077311e-05,0.006643428346799772,0.03357945442959374,0.9545292731781032,0.005209309864472404
6.921939590017095e-05,0.013139255887862734,0.10521257486862223,0.8700593194861858,0.01151963036142903
1.2366847968847398e-05,0.001361600685995664,0.038201926891262825,0.9553320009129465,0.005092104661826123
1.771333878843697e-05,0.0039579993833039435,0.025005246699653604,0.9650057999225726,0.0060132406556813785
3.3826015690377164e-05,0.003394910873350178,0.04233821367628321,0.946203361437224,0.008029687997452227
9.344099463740759e-06,0.004146742769090333,0.07968386189387527,0.9089184077996185,0.007241643437952153
1.306047492299476e-05,0.01394169057069845,0.04845213604610873,0.9306091168492102,0.00698399605905956
3.458451153435677e-05,0.008815751458846208,0.11977406712563159,0.8577241453966137,0.013651451507374155
0.0015048792241605202,0.029016796817486055,0.139198024163323,0.3366278846933447,0.4936524151016856
1.6476013465697296e-05,0.004277773214831012,0.043348649177615946,0.9461485653364973,0.006208536257590059
9.974899901637081e-06,0.0015428271539561986,0.015607774302208954,0.9792357115283374,0.003603712115595683
0.00016891329048594959,0.005548766406063508,0.05373680795323475,0.9292946920983226,0.011250820251893128
2.411233252436348e-05,0.0011812699398396763,0.014999427418700995,0.9786109043034099,0.005184286005525003
8.176464753410282e-05,0.00445109372757726,0.0584917755155623,0.9280587219416521,0.008916644167674173
4.31099298383708e-05,0.006266946910611912,0.125227633662174,0.8549633348190699,0.013498974678305974
7.32725601463232e-06,0.0011958104817830055,0.021618386069337914,0.9699771412342896,0.007201334958574902
0.00016614724581511325,0.021498859050568083,0.15772604801247475,0.8013569338525286,0.019252011838613275
2.3351881727220663e-05,0.006235059671079138,0.03896726234763741,0.9454936056793573,0.009280720420198901
4.888638470260377e-05,0.009665973674231916,0.06540987887531899,0.9114605800498143,0.013414681015932229
4.868713538999267e-05,0.0024367782878355515,0.03864103388412993,0.9536300781290773,0.0052434225635671705
4.388202271671383e-05,0.003177928311792879,0.06246533414697579,0.924126151274651,0.010186704243863566
8.401654705816693e-05,0.012098562097145724,0.08271696903529054,0.8779352747448577,0.02716517757564781
9.949376978105639e-06,0.0028105411480697402,0.017268096248262532,0.972593405172724,0.007318008053965791
9.241859252574559e-05,0.007934878576986718,0.12316778980940384,0.851062053768805,0.017742859252278663
0.0004752302934852017,0.03850554716010714,0.19218758713090517,0.7119817468503513,0.05684988856515112
7.218889784392393e-05,0.013123505100981935,0.20722294241640676,0.7604917191399181,0.019089644444849216
6.729748582720436e-06,0.0014787582378982557,0.022923172062487795,0.9728606019023796,0.0027307380486517136
4.080244349371089e-05,0.005402809949613684,0.09185945815713051,0.8959210961020865,0.006775833347675636
4.795200349704394e-06,0.001219878748303074,0.011191514852956656,0.9817156773204603,0.005868133877930285
1.3331662626508159e-05,0.005094666845113074,0.03436885402608879,0.9515999649871704,0.008923182479001281
0.0003598641483985792,0.012358572307341126,0.140719730242354,0.8336802281851818,0.012881605116724492
0.00011016319025141539,0.037450465460876804,0.2703779791594769,0.6499829610555603,0.04207843113383452
0.00020487356302526503,0.022682882090183203,0.14757759097649698,0.8158101265578346,0.013724526812459956
0.0008363398431087789,0.043173761410459754,0.30420418452639014,0.5869644185017224,0.06482129571831884
6.013413971594521e-06,0.00166834244619584,0.008373062867909233,0.9874332867952681,0.002519294476655207
1.0999710255774419e-05,0.0010954078454131248,0.011370827519488758,0.9851010667231337,0.002421698201708548
3.881603640728759e-05,0.004739820399679353,0.055166095962049654,0.9287261837574519,0.011329083844411687
1.5118066661269776e-05,0.0036432701484568016,0.027290334676119066,0.9591443759623438,0.009906901146419105
3.2856409852486956e-05,0.0025774279412549878,0.022449070403934034,0.9703128724142704,0.004627772830687963
1.1331969847305727e-05,0.019821656780020774,0.014129613474787247,0.9625743416854288,0.0034630560899160056
0.00010453105019484948,0.01700939641339657,0.3236034540337167,0.6249343859519062,0.03434823255078569
6.124019590622984e-05,0.022651451864709543,0.0605087104323894,0.909323831093201,0.007454766413793926
5.729841762791233e-05,0.004236386693792585,0.03617254982179127,0.9498940099865095,0.009639755080278669
4.888638470260377e-05,0.009665973674231916,0.06540987887531899,0.9114605800498143,0.013414681015932229
7.209119857396977e-05,0.007184587160154179,0.11494976236000656,0.8646510621356238,0.013142497145641386
9.651592357704928e-06,0.006231558034034155,0.03216092067489053,0.956911259926511,0.004686609772206535
1.7334575405733444e-05,0.0012083904906013997,0.015526587739340004,0.9788119870215507,0.00443570017310226
7.780170027480121e-05,0.005811813082271293,0.12861183689471078,0.8521221808023023,0.013376367520440701
2.845976939020427e-06,0.0008869484713985569,0.007328339987739416,0.9896672621047117,0.0021146034592113977
1.2311509608453961e-05,0.0015881050397600442,0.010829031131589091,0.9845444447343981,0.0030261075846443873
1.2524458625632972e-05,0.008173538368389618,0.17186731859099086,0.8011581473657475,0.01878847121624644
1.4311086264936257e-05,0.004468574906097905,0.026516799091948408,0.9597769540791046,0.009223360836584224
1.948608192165965e-05,0.011206790500798782,0.06290386140217355,0.9169724503176004,0.008897411697505478
0.0004883388523786379,0.004744378144075696,0.04779525411875506,0.9395303355806182,0.007441693304172386
0.0030541673137619374,0.0737669325583897,0.38135259811579986,0.4407215666530064,0.10110473535904207
1.8281029646487254e-05,0.0012649079583729585,0.011427866836354248,0.9842428776121107,0.003046066563515562
1.2741978930668551e-05,0.0035792381046052166,0.024430800883598232,0.9683959845491176,0.0035812344837482892
8.019205132089708e-05,0.015762898303962703,0.09528623474887442,0.8637661607792365,0.025104514116605386
6.553911595517565e-06,0.0011086935004026564,0.008806135472804505,0.9859001594865127,0.004178457628684556
0.0005574749043298288,0.04709285387878619,0.3414671303585527,0.5604765390256803,0.05040600183265102
6.365203207251154e-05,0.008506237569847341,0.2899422193628651,0.6914816223126163,0.010006268722598702
0.0001063274802675258,0.06048033912886534,0.18611840160876478,0.7318511498716734,0.021443781910428953
0.025438861040050144,0.144536156394747,0.32665767144181956,0.4460979517371591,0.05726935938622416
9.493464657351829e-05,0.009076253004927325,0.08169343241241035,0.8972040680702232,0.011931311865865383
1.3521459007044834e-05,0.001176442731603982,0.00911383469887822,0.9842053999696014,0.005490801140909333
0.0007086482090892,0.02408615234255968,0.18103856369158206,0.7023704608243334,0.09179617493243573
0.00022948835629702508,0.304872559036964,0.1579084355980392,0.5193775259391672,0.017611991069532658
9.779637612407933e-06,0.011988323588144103,0.06063261974096297,0.9170677061738901,0.010301570859390232
0.0002585003403137279,0.03339886490383485,0.29577397900125774,0.6376778011782932,0.03289085457630038
1.0099990868991195e-05,0.005273275332748968,0.02228884263574329,0.9679472184254967,0.004480563615141888
7.225014380392072e-05,0.010175858392420852,0.0979409909767617,0.8644516207205799,0.027359279766433674
1.99159592432896e-05,0.0025790548937084093,0.029150340053591572,0.9645702238338162,0.003680465259640507
6.266779680185786e-06,0.0014779989398894314,0.011410611463131598,0.9842194453124951,0.0028856775048038317
0.00018365610359138504,0.04441153030428226,0.336254846351521,0.5467178335945001,0.07243213364610519
0.0017066425492919084,0.05440269664595587,0.3996305642547639,0.4275302624167698,0.11672983413321851
9.317506636061668e-06,0.001842674766987476,0.024353258195325404,0.9635666741226985,0.010228075408352726
0.00021791867930143587,0.028820593581906407,0.4835140163812133,0.46170504255651734,0.02574242880106158
0.00010003172771035254,0.0033326438063610124,0.04258191824149089,0.9426562249084096,0.011329181316028222
0.0011453383916660107,0.22094928765758706,0.2738943800099075,0.4555233494510576,0.048487644489781954
1.5208867851441079e-05,0.0034171147839966603,0.022063067393920815,0.9698767938529361,0.00462781510129505
0.00020882464965630925,0.03212639010357873,0.2652400535569085,0.680161645572208,0.02226308611764846
3.134642666469524e-05,0.005896945965656945,0.038057244513399764,0.9404750284999421,0.015539434594336446
8.114918118351236e-05,0.008275791023537055,0.09726738810187928,0.882163385384727,0.012212286308673197
6.558258803519314e-06,0.0022773755233039122,0.023212673384334546,0.9693969021419588,0.0051064906915991954
0.00014916830495504023,0.027537889559544376,0.21818852834165262,0.7131103181483238,0.0410140956455242
2.897138531940973e-05,0.008587591091272353,0.029549831282320464,0.9553310899986691,0.006502516242418707
4.485988422548016e-05,0.0021011548009112445,0.031482301939333004,0.9615502456942234,0.004821437681306759
6.335466987792407e-06,0.002643029040833824,0.015465300263865176,0.9775661549839139,0.004319180244399477
3.4285643128913665e-05,0.01043432019062432,0.054281752372983806,0.9240969271099159,0.011152714683346915
2.3743205061034328e-05,0.0014592712404197807,0.011465678886812648,0.980712284182769,0.00633902248493743
3.2687475301316704e-05,0.015537160048776342,0.34208269488351584,0.632273390800238,0.010074066792168507
2.13090532978964e-05,0.006214985148873647,0.02540200911314876,0.9634714638827772,0.0048902328019026576
0.000997820424696795,0.10662065835207608,0.38447199952286853,0.37196434879428136,0.13594517290607727
0.00023532262290808134,0.017782739154053005,0.5443394375350045,0.41723253797254606,0.020409962715488405
4.505509815480636e-06,0.0010934391042845524,0.017086930389904324,0.9776555813791044,0.0041595436168913
2.3540249971704362e-05,0.007762786003147812,0.06199012741222989,0.9217595448313416,0.008464001503309015
0.00010413981287022403,0.005088584593731611,0.028106218658035653,0.9602442918467334,0.006456765088628956
6.851954279318854e-06,0.0007676166409620668,0.012399207533279062,0.9825232287381069,0.004303095133372528
0.0002349831148887609,0.03291500683995553,0.3470663598539509,0.4882215153813216,0.13156213480988319
2.143275119012403e-05,0.006358690895160583,0.026345129598308665,0.9634181727879604,0.0038565739673802517
7.598480741515021e-06,0.0013084895884079965,0.02096493231748215,0.9750040601239292,0.002714919489439354
1.187607644493572e-05,0.0017088315723199816,0.018910945577823707,0.9717037499343973,0.007664596839014007
9.728197446698718e-06,0.0007471692588726034,0.010788729954077573,0.9861532197519391,0.0023011528376639992
3.822307666501348e-06,0.0013819548286390197,0.011493749531097431,0.9844192515180265,0.0027012218145704594
0.00016835593519049817,0.011943731551101578,0.4338312061953241,0.5395938756714326,0.014462830646951197
7.54458022605602e-06,0.001473975753767447,0.014614217189479717,0.9799782036990079,0.003926058777518972
5.555025754217515e-05,0.003216642008186817,0.029287482396134535,0.9636145262480158,0.0038257990901206427
1.3130774306207124e-05,0.002390989757050379,0.023686887475557673,0.9684063610040594,0.005502630989026193
6.63514728694712e-05,0.026871984180147745,0.10944990918348525,0.8459459478484954,0.017665807315002138
4.312249756016284e-06,0.0009218967307993197,0.01542942051162204,0.9813038395798772,0.0023405309279453104
1.693875402161022e-05,0.0052816436328365825,0.018909030388187673,0.9710016052663825,0.004790781958571738
0.00018777235832384675,0.02252477051757667,0.19035208962709843,0.7264829717042641,0.06045239579273702
0.00011041270593840791,0.011493891909230414,0.10106927218821422,0.7982550827388947,0.08907134045772228
1.3802104395420694e-05,0.0022837898522729836,0.02072715914592541,0.9746117029004076,0.002363545996998622
5.7230685061584386e-06,0.0024370607215294018,0.04115423659760194,0.9520131973503249,0.00438978226203765
2.950351799381989e-05,0.002153685756983145,0.04189042643307155,0.9510828398153208,0.004843544476630603
1.5867095988477392e-05,0.00439252675849066,0.09994613042341434,0.8801037037321551,0.015541771989951353
0.00029781735946504814,0.05481048659295133,0.17836571295811066,0.34499522453287884,0.42153075855659417
0.001905583090292564,0.061662056868532045,0.3325850672868257,0.49916731112337837,0.10467998163097132
5.9486667413292864e-05,0.005834229533614354,0.07477467894621448,0.9071482424001027,0.01218336245265518
1.985155889425799e-05,0.01234080340596751,0.12706412292301955,0.8443681784318324,0.016207043680286182
1.402231693254505e-05,0.01099265315997446,0.024880283676632836,0.9587426987132405,0.005370342133219688
8.512706395894204e-06,0.00225256986896451,0.01676314271546424,0.9777953828899717,0.0031803918192036458
0.00014954145528924754,0.01516721030917638,0.29800541693846233,0.6511707757370753,0.03550705555999684
1.8122465774337777e-05,0.0010566251698462116,0.01618665292440432,0.9793885504666513,0.0033500489733238625
0.00010602497245814705,0.012780473482027738,0.31826033774922835,0.644037416763563,0.02481574703272276
1.583011890473278e-05,0.005776601501959325,0.01467592521875657,0.976734819531184,0.0027968236291952735
5.156327523646118e-06,0.003870085533561901,0.020154840394444047,0.9701548934163361,0.005815024328134143
2.7605228797133048e-05,0.006302950626909909,0.0696891952929612,0.9155948181734974,0.008385430677834194
0.00010415308789746793,0.003870753223904623,0.032561090610611784,0.9510167412983463,0.01244726177923987
6.674679744952784e-05,0.007571193697687129,0.13549768929968317,0.839606752024584,0.017257618180596377
6.165368437962064e-05,0.012950719559502675,0.0807104486282751,0.8783389380804447,0.027938240047397905
0.00020013573400804694,0.07504691823065675,0.2010570921519522,0.6331064205225447,0.09058943336083827
3.1782503361542582e-06,0.0010057836387617981,0.009346373321973639,0.9872744219682612,0.0023702428206672324
3.469624562231521e-05,0.0036554021495684664,0.02554778925873325,0.9665144938822217,0.004247618463854312
6.170500453543502e-06,0.0019984903226957338,0.01617996909033194,0.9771211454001669,0.004694224686351856
1.1898662741270587e-05,0.0006688423723726457,0.007741681946855203,0.976092904116963,0.01548467290106793
1.1451680913849692e-05,0.0068943170292991695,0.08229136796254291,0.8971788835589969,0.013623979768247266
3.6162094890255555e-05,0.00800384726581652,0.1535170902853987,0.8161563294976496,0.022286570856244952
9.459514236845635e-06,0.005516531490184008,0.06069419250746375,0.9276073314983538,0.006172484989761591
6.86459503148111e-06,0.001368176763931375,0.017066962873432172,0.9750966978126165,0.006461297954988418
1.8233044236546466e-05,0.010300126823320458,0.11117606615007569,0.8607374235044214,0.017768150477945936
0.00010197674866112658,0.0055273408515864155,0.05766194077797476,0.9282881917359079,0.008420549885869818
9.24466434965226e-05,0.014414819517796277,0.10593384055384684,0.8680817833760308,0.011477109908829601
1.6157110888838918e-05,0.0036122149735630673,0.031187153271561536,0.9609170111765483,0.004267463467438282
6.62352910805083e-05,0.01524260228811134,0.10541157769445234,0.8657659192182872,0.013513665508068854
7.622222268289122e-06,0.003496308131363273,0.029827608605107754,0.9618629230659697,0.004805537975291105
9.273748692861492e-06,0.002155241362915877,0.01598381058125576,0.9794829062553152,0.002368768051820342
1.4309914418382626e-05,0.0016898131126778296,0.014729566200283373,0.980031277252292,0.003535033520328227
2.363621353706083e-05,0.005056140820731615,0.02131907796252037,0.9676596855786445,0.0059414594245665924
4.2701097532699385e-06,0.0019259682059397172,0.02161025174823646,0.9736882159289595,0.002771294007111084
3.948684500589202e-06,0.002154191634728745,0.013032078041979459,0.9809929883478226,0.0038167932909685663
4.855634240818537e-05,0.009501343130952727,0.08359288592602482,0.8960169062396659,0.01084030836094842
4.5623077964169436e-05,0.008266140663650438,0.07257974990571395,0.9048174303089767,0.014291056043694888
1.958967950355447e-05,0.001241197896060996,0.017557661980328286,0.9760541942078905,0.005127356236216686
8.876958341557126e-05,0.014279041192760564,0.18166897716791688,0.7829723305330932,0.02099088152281375
6.059369166429412e-05,0.024521441703826873,0.2088733157150787,0.75105251902962,0.015492129859810267
9.468151508250332e-06,0.005721100625135563,0.03339351100555778,0.95130148472924,0.00957443548855847
0.0002100781492560674,0.06372068175535714,0.2793996771292063,0.5817124816531877,0.07495708131299275
0.0023363194338843615,0.04203813533401312,0.23947708520659533,0.6574584865846423,0.058689973440864754
1.0149887874665155e-05,0.004482398107043539,0.046002616136692036,0.9374059516131747,0.012098884255215108
1.819197430765495e-05,0.002380995424863223,0.025447565719892613,0.9678222229239802,0.004331023956956342
0.001116173303133637,0.04609844653753568,0.47893861543374056,0.3810450424511742,0.09280172227441594
1.6238141457827164e-05,0.007473978102286193,0.019452215654818174,0.9680107726699143,0.0050467954315234365
3.7448576875514044e-05,0.008447122736424886,0.09328427468952093,0.8822753839126234,0.015955770084555322
8.867023117977379e-05,0.0037115307028010532,0.02452671454238689,0.9674198288994991,0.004253255624133331
6.456211008427317e-05,0.002080933783080839,0.01980425027179642,0.9743475376310711,0.0037027162039674003
1.3494180795337214e-05,0.001876695171178635,0.009425882129440339,0.9866784292017288,0.0020054993168569816
2.0452307524820203e-06,0.0009139892016543944,0.009482626076296092,0.987472768396707,0.002128571094590145
3.081519700593836e-05,0.008945840975816547,0.052888515928023606,0.9269080442572367,0.011226783641917254
1.3207230099578057e-05,0.005166551173078087,0.10651925742166517,0.8797696788919271,0.008531305283229911
7.979748985836017e-06,0.002353384641266307,0.04354860442827926,0.947303836266744,0.006786194914724689
0.00012236982400559652,0.0076277253305364594,0.06081689842256912,0.9225853816106021,0.008847624812286696
3.96158183283077e-05,0.0026866634365539455,0.04820873004488672,0.9065171727182193,0.04254781798201174
3.1542191594030873e-05,0.0056230307872294815,0.029017454656199204,0.9580520989017319,0.007275873463245404
3.758423111830158e-05,0.008834800881628671,0.16985560505424044,0.8108116746170143,0.01046033521599816
5.682169575852662e-06,0.006635065049621487,0.061971035552748036,0.9228571141465902,0.008531103081464467
0.00011180432359709771,0.03342327206178871,0.31296629204866233,0.6184360411645081,0.03506259040144368
1.1836428574398135e-05,0.011630179284918165,0.037874147760444586,0.9398030905891088,0.01068074593695383
1.1303850107812686e-05,0.0008526764868029994,0.007852911095132392,0.989778063419003,0.001505045148953923
8.931949020922416e-05,0.00786096331994984,0.06361971678953961,0.9180792168264675,0.010350783573833703
0.0005772629487162723,0.023362468088765943,0.15786272564319606,0.7862292635860297,0.03196827973329188
7.1094040768373954e-06,0.0007747175262291942,0.01597665884806899,0.9787263728841458,0.004515141337479279
0.0005753763366003911,0.025007091381400254,0.15873389724672798,0.7723089871464487,0.043374647888822684
0.00013107188780081043,0.031687880143386846,0.1701453313661979,0.7711872547242998,0.02684846187831457
0.0005704125023506631,0.08943895970887107,0.34171336621661796,0.5135677476341589,0.05470951393800152
0.0007597996928712798,0.061321045563099495,0.2974011956344227,0.573845745818084,0.06667221329152252
8.47832914846991e-05,0.01378809650475225,0.422589402840325,0.5221993306042938,0.04133838675914439
0.00038348502852611233,0.031594571699661296,0.2803635091061113,0.6408581002642681,0.04680033390143319
0.00027697373275893786,0.009473540040135337,0.11258015985742746,0.8385919792039752,0.03907734716570302
3.0556949129474013e-06,0.0009074642919738562,0.012380074052419868,0.9837397625226701,0.002969643438023004
3.3758601569175256e-05,0.005309334973116199,0.046955535053900786,0.9421286209541009,0.005572750417312937
6.228937902971266e-06,0.0035980915190411667,0.029528369035069512,0.9532976996045903,0.01356961090339608
2.122034676880996e-05,0.006873514994569651,0.030126728112783795,0.956557929085941,0.006420607459936879
5.3156214504001766e-06,0.0010440219264674778,0.00798531479414032,0.9888297150652525,0.0021356325926893166
2.8644752994445963e-05,0.013756437487107842,0.17689645561460204,0.7842881009791791,0.025030361166116566
4.1046730822455475e-06,0.002149486063280558,0.023980248216447213,0.9712296468954182,0.0026365141517714435
0.00010718139657634012,0.02152043926500639,0.4334830833853379,0.5193948692445397,0.025494426708539707
1.1529722170449061e-05,0.0034362895227024403,0.013899987880144949,0.9769323688326457,0.005719824042336499
5.247461140926521e-06,0.0011374922362316926,0.013383554110209157,0.982770771207707,0.002702934984711189
6.840024008064336e-05,0.002775226176593942,0.019396185002900003,0.9697714798111416,0.00798870876928396
0.0001482063389964204,0.0639085251306856,0.21064779279175858,0.6965652282773119,0.02873024746124745
2.774380127307336e-05,0.003099948612568395,0.027295655941515895,0.9657011677495422,0.0038754838951005387
0.00024526489051124713,0.05952628513452483,0.2257882779900902,0.6810872220783262,0.033352949906547455
0.00046031619463133026,0.04183876554260339,0.32355364173514,0.5685231285571082,0.06562414797051705
0.0006434460233073413,0.5082517986427277,0.1650914507695767,0.2830491138184347,0.04296419074595341
0.0006183741144919904,0.06227976499833245,0.25146325112373746,0.6473799144437986,0.03825869531963953
0.00024206205723246516,0.030601365532810038,0.2115528386379762,0.6398385293489697,0.11776520442301172
7.585187816712469e-06,0.002258751569923578,0.012242417080908025,0.9824918009876249,0.002999445173726856
0.00017137006795847623,0.032511869006057084,0.4594214744402915,0.4513807854143317,0.05651450107136117
7.055782313092712e-05,0.018290970884380163,0.05271476686105438,0.917798352926833,0.01112535150460153
0.0003299867783753442,0.018611838405073362,0.6341892326337695,0.3001847012010816,0.04668424098170014
1.9549006300718734e-05,0.0024101068918755465,0.0204253672165852,0.9696263158933138,0.0075186609919245615
0.0001453412472209344,0.010759510877784826,0.09011715663759251,0.8888004209224185,0.010177570314983227
0.0010258240281149993,0.03959261238454947,0.22906920992371987,0.5908013927766146,0.1395109608870011
0.00017502110221639312,0.009070208532745636,0.07389445687533401,0.9074753236765745,0.009384989813129572
4.052018403336364e-06,0.0021414123663120377,0.036815842484611075,0.954802735828751,0.00623595730192276
3.225360807518163e-05,0.017804100319823664,0.043609597880098445,0.9337975421289458,0.0047565060630567054
2.7375146262345586e-06,0.0009419582931801814,0.012311489922356504,0.9831076451277942,0.0036361691420428964
2.060553769343911e-05,0.013552190544854579,0.03731736060965393,0.9437902125581408,0.005319630749657101
7.594151842743681e-06,0.0008343648130042843,0.011678051650854351,0.9845805531187015,0.002899436265597132
0.0010333662597681527,0.05942086601763241,0.20140135402301967,0.6850265541540644,0.053117859545515324
0.0011743923688376395,0.031013080449830387,0.23072553101881943,0.6986659857690941,0.03842101039341836
0.0004783506340878153,0.02801818047910768,0.16857166393067244,0.7686176344426887,0.03431417051344337
2.644116318053394e-05,0.0025849323921335737,0.015221044339236286,0.9774729405739295,0.0046946415315203315
7.953093009251624e-05,0.00797301409335069,0.03838141402773483,0.9343956460517155,0.01917039489710643
0.00039474831122460674,0.07131876232354337,0.34924729920091835,0.4365861122024538,0.14245307796185996
3.211002121941699e-05,0.010349180793183133,0.2362805499927288,0.7295286409158954,0.023809518276973255
1.0037441262219576e-05,0.00524379648783376,0.034584005425108214,0.9554952234950795,0.004666937150716324
2.0452307524820203e-06,0.0009139892016543944,0.009482626076296092,0.987472768396707,0.002128571094590145
3.285103073484538e-05,0.010839618291212095,0.08399506779053047,0.8945797176339019,0.010552745253620651
2.1168944334462174e-05,0.0071960023109064585,0.1542127558759985,0.8209283015171254,0.01764177135163525
1.6703934211308097e-05,0.006266920626192818,0.09022877856975361,0.8946573734450289,0.008830223424813242
8.709396351185582e-06,0.0010612693668949759,0.009422069100977126,0.9868544978269453,0.0026534543088313966
9.100918781846454e-06,0.0021192669025930206,0.048913889323150994,0.9442884937797988,0.0046692490756752485
6.410154358532431e-06,0.0013769384046487284,0.01922708071455329,0.9756414405226257,0.003748130203813563
5.2563663437983754e-05,0.0033005879752367115,0.030285065663417866,0.9620485889489515,0.004313193748955879
5.934816047065303e-06,0.0040643879254188995,0.04648773670278293,0.9443812621195955,0.005060678436155685
0.0008588720011651306,0.024750540927249855,0.246247287620284,0.6530791597343727,0.07506413971692834
1.242623462614657e-05,0.0008253865685813934,0.009453546595770204,0.9868637492794065,0.002844891321615691
1.0308322391328537e-05,0.0007193634697215212,0.00843543671025156,0.988973937939687,0.0018609535579486073
7.876070116352516e-05,0.003227073906396735,0.045299064280341424,0.9455630496583192,0.0058320514537791674
1.6083728312083882e-05,0.0029942116837949457,0.0272913113737634,0.9651733443020827,0.004525048912046813
2.114584507261739e-05,0.006256390691647351,0.021713859009326174,0.9648205156929099,0.007188088761043938
1.9161609807370058e-05,0.002899458529558459,0.05583205904665772,0.934102192350375,0.007147128463601477
1.5524780547078417e-05,0.0031172148839186497,0.04794610769302462,0.9460434886484403,0.002877663994069417
3.654445854756158e-05,0.011038480609379994,0.07268031177576059,0.9067962454385687,0.009448417717743105
1.0681953112117642e-05,0.0011730864231192164,0.015068216162904149,0.9770103449005916,0.006737670560272864
0.00014308661154062907,0.007245005656894722,0.05444970420348731,0.9327006755636592,0.005461527964418017
0.00010591173381669897,0.009283819401156081,0.06927067266753402,0.9114363464669225,0.009903249730570664
3.942598009060366e-05,0.002160596056811021,0.019466453400113094,0.9744814367713561,0.0038520877916292363
7.746450018889089e-05,0.027323022484414157,0.41634650472727114,0.48595187611881674,0.0703011321693091
2.926026781379315e-05,0.007940658488658714,0.043943208689568566,0.9384335103583389,0.009653362195620175
1.3584049808295408e-05,0.0009081130893233435,0.009843832302635736,0.986989676281571,0.0022447942766616272
8.480215128110841e-06,0.002977087836826123,0.052959261784510415,0.9305120717212502,0.013543098442285193
0.0006227292985089278,0.02835268144444226,0.5026288039549629,0.42890453767108444,0.03949124763100142
3.993028936477903e-05,0.004417656409631656,0.03467654759496042,0.955006620222026,0.005859245484017369
9.253403593418005e-06,0.0013527946943088652,0.010151618059619285,0.9865885921990569,0.0018977416434213293
0.0004713346121612516,0.025456850603428414,0.21045815816770128,0.7462237321598749,0.017389924456834092
4.271211183915334e-06,0.0034409519079207493,0.02326761035187751,0.9677628099266137,0.0055243566024041155
0.00035791389246525856,0.04106483485331105,0.49192249145852696,0.42913793163544034,0.0375168281602565
7.54355175532356e-05,0.004791527536088281,0.04236641825633485,0.9466427472874825,0.006123871402541089
0.5359040156957701,0.03880345738986738,0.16177281190861778,0.19060557594236488,0.07291413906338
6.5710769965540346e-06,0.005132761206670484,0.016152380356647407,0.9722415681025873,0.006466719257098201
1.0659688149604622e-05,0.0024523278411519426,0.012864352544693194,0.9796801113866508,0.004992548539354663
6.745199950588247e-06,0.002886829234583534,0.013497020025459822,0.9787785832086124,0.004830822331393643
8.876020491962642e-06,0.0007778663595541179,0.010517768231090172,0.9871699338209063,0.0015255555679575628
3.369699981602824e-05,0.0040831956326185795,0.01978879051692107,0.9709396024916135,0.0051547143590309034
3.4034025199712745e-05,0.003273426461639211,0.04581831675153793,0.9433086432946196,0.007565579467003547
8.82379572622573e-05,0.007938849851665148,0.05558702942473985,0.9297090073570649,0.006676875409267845
0.000220295351471034,0.015021232194280592,0.13607567883468827,0.8228713090814674,0.025811484538092795
8.148041255724711e-06,0.005852180109426457,0.04175298569670539,0.9449138240874564,0.007472862065155901
9.354712398791746e-05,0.012293260389960026,0.2810555593664402,0.6551461451627015,0.05141148795691023
2.276535840922107e-06,0.006193316607845427,0.02409671629395197,0.9672023572403899,0.002505333321971622
0.00013909465801552448,0.007365242049649792,0.056013436010328835,0.9248067239460693,0.011675503335936555
3.3184961452193657e-05,0.0045980821598105934,0.027392107828185804,0.9576743277027309,0.01030229734782066
1.3367238004623584e-05,0.002824094873660197,0.05337269252798227,0.9357857298126488,0.008004115547704218
3.219496609286075e-05,0.01118033264136679,0.08993794967658383,0.881942278120321,0.016907244595635546
9.431518221941796e-06,0.0009019284397291282,0.010544786390186675,0.986350964555957,0.0021928890959050404
4.4187426784096855e-05,0.0031937681307468062,0.025120354936105427,0.9612644723694126,0.010377217136951195
5.6196654318690645e-06,0.0028942587681794257,0.027656090045429994,0.9671201013069917,0.002323930213967008
1.4471019674529734e-05,0.010912193395608663,0.028096287323966695,0.9550510470933808,0.005926001167369158
2.7626351658498368e-05,0.010009417678075016,0.3617090793971253,0.6017053446461046,0.02654853192703674
5.759662959321388e-06,0.002438395817093729,0.010992349712737198,0.983345539657446,0.0032179551497638014
1.3602943512459518e-05,0.0030136601059179945,0.04182822171413407,0.9489587270211934,0.006185788215241953
1.5035374872948305e-05,0.0014650161384436098,0.015180055476380586,0.9784351806962988,0.004904712314004104
1.5244681294447006e-05,0.0007673365005548536,0.014568108813381475,0.9824551507057212,0.0021941592990481697
0.0015048792241605202,0.029016796817486055,0.139198024163323,0.3366278846933447,0.4936524151016856
0.00013306272225149115,0.010985213230121988,0.12815855419123548,0.8458613258241051,0.014861844032285746
1.561194510600204e-05,0.026450455028867927,0.08521351350026737,0.8730129406031558,0.015307478922602747
0.00019047730522490661,0.011292089576485455,0.22690191452361158,0.704321765417014,0.05729375317766426
